73
0.000096 0.001064 -0.003428 0.160772
0.096252 -0.039503 -0.000056 0.064916
-0.103607 0.054195 -0.000105 0.050732 
0.033160 0.009413 0.000674 0.058472
-0.033590 -0.015319 0.000410 0.052831 
0.089760 0.030172 0.000056 0.049185 
-0.027347 0.028401 -0.000045 0.045149
-0.038723 -0.078303 0.025051 0.017222 
-0.038388 -0.077040 -0.025110 0.017912 
0.093702 -0.011498 -0.002666 0.042168 
0.104781 -0.080676 0.029488 0.017338 
0.104488 -0.082195 -0.029492 0.016320 
0.142829 -0.031108 0.001547 0.017016
0.107906 -0.048302 0.025692 0.016569
0.111062 -0.053403 -0.026115 0.015229
0.080226 -0.003260 0.000882 0.047069
0.135951 -0.002423 0.001463 0.014059
-0.106851 0.060913 0.000037 0.032237 
-0.138551 0.047042 -0.000215 0.015786 
-0.078831 0.029722 0.000112 0.021999 
-0.069543 0.056320 0.000030 0.018003
-0.102756 0.078818 -0.027357 0.014934 
-0.114754 0.086876 0.023738 0.014185 
-0.099231 0.075096 0.034216 0.008422 
-0.120365 0.089658 -0.024604 0.008242 
0.036984 0.002934 -0.006129 0.045123 
0.034166 0.003124 0.003745 0.046595 
0.049148 0.007609 -0.000319 0.047318
0.031311 0.031978 0.000180 0.031323 
0.018917 0.006861 -0.000005 0.045902 
0.054730 0.035683 0.000565 0.031748  
0.016418 0.040460 0.000032 0.023292  
0.043761 0.001506 0.011498 0.038606  
-0.029488 0.004141 -0.000037 0.042181 
0.012902 0.003335 -0.000128 0.042106 
-0.038921 -0.004519 -0.000031 0.035560 
-0.032109 -0.029035 -0.021706 0.015444 
-0.033330 -0.051020 0.023200 0.011583 
-0.031686 -0.027765 0.021587 0.015771 
-0.033020 -0.050532 -0.023136 0.011062
-0.060448 0.011826 -0.000108 0.021791
0.085195 0.014590 -0.000038 0.042976
0.102544 0.043863 0.000417 0.030511
0.071812 0.030388 -0.000118 0.040066 
0.092362 0.034195 -0.000053 0.035645 
0.133406 0.017003 -0.000007 0.005868
0.131108 0.028909 0.000310 0.006146 
0.064286 0.017561 -0.000125 0.040889
0.133368 0.004944 0.000341 0.005038
-0.032205 0.011786 -0.000124 0.039967
-0.029619 0.033897 0.000155 0.031374 
-0.003497 0.015996 -0.000088 0.039339 
-0.009092 0.037766 -0.000141 0.026754 
-0.048903 0.047896 0.000144 0.018155
-0.043988 0.020610 -0.000243 0.032501 
-0.059949 0.039649 0.000018 0.017663
0.000000 0.000000 0.000000 -0.000154 
-0.043013 -0.084976 0.025438 0.007714 
-0.035878 -0.074374 0.024575 0.006057 
-0.040124 -0.080989 0.026186 0.007268 
-0.035079 -0.070286 0.023898 0.006008 
-0.044490 -0.086661 0.031428 0.005351
-0.034917 -0.064649 0.023091 0.004665 
-0.040968 -0.086452 0.031128 0.004822 
-0.048572 -0.087055 0.031147 0.002872 
-0.042554 -0.084400 -0.026002 0.008470 
-0.035838 -0.074599 -0.024015 0.005803 
-0.034758 -0.068543 -0.023726 0.005344 
-0.034529 -0.063072 -0.023378 0.005206 
-0.037897 -0.076206 -0.025067 0.005872 
-0.045489 -0.087876 -0.034214 0.002203 
-0.049728 -0.086764 -0.031209 0.001936 
-0.037466 -0.088644 -0.033602 0.000000 