52 
0.07467851364693576 -1.1591345435544422 -0.04667329158622857 3.4807495819361914e-09 
0.07467851364693576 -1.1591345435544422 -0.04667329158622857 3.4807495819361914e-09 
0.09791971691203039 -1.338787886017533 -0.047158511270477 3.569652310325429e-09 
0.10079002082221253 -1.3202659990488796 -0.04286727414202364 -3.0005238258614205e-06 
-0.02111545215949056 0.8943588315311837 0.027312230147397396 0.04412351891157641 
-0.02054966591365791 0.8400414004138179 0.02843469917873888 0.0402987436419905 
0.004856090323027245 1.520043082002609 -0.01006135379009495 -7.03096913910253e-05 
0.004751697985384997 1.500142725689212 -0.00930587939572063 0.061583443373321084 
0.07056598781499707 -5.236530042421062 0.05824560806731051 -1.7467431319014163e-09 
0.07263447654370996 -5.1640836014525835 0.05294548918793733 1.4682506668102179e-06 
0.07082127657570945 -5.144296633470018 0.05360326373801426 -9.425387121347394e-07 
0.0700467460425353 -5.077151856210513 0.04937417406296582 -0.003650890967300573 
0.012937575003910668 0.12055656407892779 -0.05469531097477681 0.25315399459832555 
-0.004990381975868093 -0.07063857387917405 -0.0727225739970665 0.21996752255118227 
0.008471944125133992 0.18783574078183268 -0.02375419984949078 -2.506653651891677e-05 
0.008720280773932377 0.18523706746265434 -0.021592662056955758 0.021070046468850308 
0.006281184005681547 0.5619456960611957 -0.13312353234383276 0.11356386154022824 
0.005953822895292955 0.9152077836283697 -0.26048422943160254 -0.06449825610059058 
0.00394816456960468 0.7517789861537084 -0.11973851367144275 0.0326409151751903 
0.004260322299444952 0.5307463988192231 -0.19003450263149502 0.027271408121199055 
-0.047358147689595356 0.796226406050541 -0.043413014674461396 0.052514360345338185 
-0.0335815256937014 0.9276721930626893 -0.06324365982117772 0.02815028237052209 
-0.05158499831419898 0.8665762857320622 -0.07770341279081414 -1.485036727414974e-05 
-0.05309710054485603 0.8545873603902117 -0.07063271100247678 0.012482694939185208 
-0.05338023377997212 0.7849355360112136 -0.11737492818023601 0.01312539757155963 
-0.06194458452545323 0.7595625976486166 -0.11325908237317517 0.012519436459289032 
-0.0851879857195778 0.6457007194856828 -0.07623370436253815 0.01616264193853492 
-0.062453802788183174 0.730975390457072 -0.09518671105426305 0.012692757926877473 
-0.14921352898094975 1.2867583583203666 -0.09399900262783822 1.3810786982363965e-08 
-0.14921352898094975 1.2867583583203666 -0.09399900262783822 1.3810786982363965e-08 
-0.19565127643456975 1.4861920144908551 -0.09497622460693367 1.4163531876939735e-08 
-0.20138636882956457 1.4656308182075586 -0.08633376558154099 -1.1905365329748619e-05 
-0.19565127643457308 1.4861920144908645 -0.09497622460693206 1.4163531876713577e-08 
-0.20138636882956845 1.4656308182075706 -0.08633376558153974 -1.1905365329660538e-05 
-0.20550896611777608 1.4570572627263334 -0.08620633506138836 -1.1730799057321247e-05 
-0.2010910990781647 1.4379815147816943 -0.07973338120940726 0.010274870863121448 
-0.15916813005582442 0.6451236696880261 0.02666482038971197 0.04792592587850646 
0.03511225439391712 -0.6689922398466555 -0.16846043451206322 0.0011904288607060202 
-0.09366559246343592 0.6243371985250328 -0.10618878183513508 0.0003422031856034312 
-0.07802461506844316 0.567868417547388 -0.11626205875981582 0.012625978908854169 
-0.12654845480661975 0.7176006570531557 -0.02787687926949138 0.00611256249028529 
-0.07578935862486177 0.569579752267963 -0.11118082583346917 0.00838556713548934 
-0.08550454279621919 0.6567477453825161 -0.13013462819782506 0.006329053473541884 
-0.08267205610354508 0.6673623352064575 -0.1373643621261402 0.006352622044353955 
0.023501813730063804 0.970666044087642 0.05192054536346413 8.205682445798786e-09 
0.023501813730063804 0.970666044087642 0.05192054536346413 8.205682445798786e-09 
0.023501813730063804 0.970666044087642 0.05192054536346413 8.205682445798786e-09 
0.023501813730063804 0.970666044087642 0.05192054536346413 8.205682445798786e-09 
0.03081597148876211 1.1211088034769277 0.05246031596397391 8.415265910583706e-09 
0.03081597148876211 1.1211088034769277 0.05246031596397391 8.415265910583706e-09 
0.04040641755157068 1.2948685666808033 0.053005698067581805 8.630202401184751e-09 
0.04159084395671367 1.2769542955092428 0.04818239017597767 -7.25424374012093e-06 
