49
1.36739304e-05  1.25228779e-01 -2.35926455e-01  1.33373068e-01
-2.52785438e-04 -5.57448049e-02 -9.23359179e-02  3.31410362e-05
-2.60195295e-04 -5.49735857e-02 -8.39337163e-02 -2.78571861e-02
-4.17111264e-04  4.32426580e-01 -2.70167411e-01  5.90335092e-08
-4.29337975e-04  4.26444037e-01 -2.45583250e-01 -4.96214857e-05
-4.29337975e-04  4.26444037e-01 -2.45583250e-01 -4.96214857e-05
-4.41923086e-04  4.20544261e-01 -2.23236150e-01  4.17100706e-02
8.59841971e-04 -1.43072382e+00 -3.86332966e-01 -3.03637449e-09
8.59841971e-04 -1.43072382e+00 -3.86332966e-01 -3.03637449e-09
1.12743918e-03 -1.65247057e+00 -3.90349318e-01 -3.11392731e-09
1.16048761e-03 -1.62960894e+00 -3.54829081e-01  2.61745747e-06
1.12743918e-03 -1.65247057e+00 -3.90349318e-01 -3.11392731e-09
1.16048761e-03 -1.62960894e+00 -3.54829081e-01  2.61745747e-06
1.18424405e-03 -1.62007616e+00 -3.54305346e-01  2.57907815e-06
1.15878612e-03 -1.59886617e+00 -3.27701708e-01 -2.25898464e-03
1.89188467e-05  7.43056086e-01 -7.61308214e-02  4.34108084e-02
1.88137668e-05  7.50090849e-01 -8.41997807e-02  4.22006876e-02
-1.49963175e-05  6.83520489e-01 -1.12932124e-01  1.35177592e-01
-7.35315319e-06  6.95921035e-01 -1.17185665e-01  6.81969801e-02
4.18125114e-05  9.21702218e-01 -1.32025121e-01  3.84818981e-08
4.30381544e-05  9.08950636e-01 -1.20011360e-01 -3.23465262e-05
3.66507898e-05  5.27591754e-01 -1.14264836e-01  1.86855814e-04
4.01463156e-05  1.03972420e+00 -1.31756401e-01  3.24614866e-02
5.91064905e-04  1.38524080e+00 -1.91800572e-02 -3.09847213e-09
5.91064905e-04  1.38524080e+00 -1.91800572e-02 -3.09847213e-09
7.75014196e-04  1.59993817e+00 -1.93794548e-02 -3.17761101e-09
7.97732054e-04  1.57780331e+00 -1.76160014e-02  2.67098774e-06
7.75014196e-04  1.59993817e+00 -1.93794548e-02 -3.17761101e-09
7.97732054e-04  1.57780331e+00 -1.76160014e-02  2.67098774e-06
8.14062494e-04  1.56857358e+00 -1.75899998e-02  2.63182352e-06
7.96562431e-04  1.54803786e+00 -1.62692238e-02 -2.30518370e-03
2.77841028e-04  8.68965885e-01  3.40830523e-02  7.24734786e-02
3.73697187e-04  8.42847222e-01  3.27641868e-02  7.43925085e-03
4.05078909e-04  9.07081334e-01  2.48169367e-02  1.07909854e-05
4.16952918e-04  8.94532028e-01  2.25586941e-02 -9.07052173e-03
2.72483952e-04  7.40735569e-01  8.22329827e-03 -5.37657408e-06
 2.80471228e-04  7.30487627e-01  7.47501080e-03  4.51935854e-03
2.79704772e-04  7.23458608e-01  8.16519358e-03 -5.02807277e-06
2.87903710e-04  7.13449690e-01  7.42219341e-03  4.22642062e-03
4.25504859e-05  8.07186641e-01  2.23342943e-02  2.98268592e-02
4.36472042e-05  8.40217573e-01  1.34964251e-02  2.46291585e-02
5.82834276e-05  5.52128233e-01  2.21952545e-02 -1.38753469e-05
5.99918797e-05  5.44489639e-01  2.01755746e-02  1.16631272e-02
9.98962884e-04  1.92969109e+00 -1.57485152e-02  8.57079866e-09
1.02824531e-03  1.90299416e+00 -1.43154629e-02 -7.20431105e-06
9.86775611e-04  1.89909649e+00 -1.45566346e-02 -2.98110037e-06
9.91702183e-04  1.87365235e+00 -1.33385462e-02  6.38945550e-03
5.95113062e-05  2.92550587e-01 -1.63354755e-01  2.86144623e-01
5.52681969e-05  2.35619938e-01 -2.31259451e-01  1.97114119e-01