73
-0.002692 -0.002576 -0.009904 0.100448
0.021768 -0.034015 0.012625 0.058010
-0.014886 -0.038393 0.013791 0.056413
-0.051405 0.020816 0.015195 0.041571
-0.051630 0.053334 -0.038335 0.026285
-0.011167 0.062802 -0.010811 0.025478
-0.039955 -0.016248 0.013693 0.034091
0.000000 0.000000 0.000000 -0.000078
0.000000 0.000000 0.000000 -0.000078
0.022399 -0.035691 0.012414 0.045969
0.017432 -0.019405 0.011953 0.043251
0.052956 -0.049836 0.013785 0.025926
0.016428 -0.045421 0.028179 0.036596
0.012997 -0.032847 0.007761 0.047228
0.023101 -0.058958 -0.010705 0.019072
0.016174 -0.032887 0.015804 0.045861
0.011932 -0.059982 -0.013122 0.018705
0.003299 -0.031532 0.010258 0.049715
-0.036054 -0.065486 0.005182 0.021552
-0.036637 -0.067519 0.033910 0.015618
-0.031474 -0.018395 0.012487 0.038282
-0.013831 -0.064091 -0.013129 0.020478
-0.004024 -0.065866 0.043824 0.016036
-0.017351 -0.060091 0.029827 0.022090
0.000455 -0.061324 -0.015907 0.016794
-0.054234 0.025925 0.020607 0.024688
-0.059269 0.013896 0.037111 0.019550
-0.050365 0.026757 0.012575 0.023496
-0.028922 -0.007698 0.010632 0.030297
-0.052221 0.014774 0.017416 0.026614
-0.030978 0.044315 0.002802 0.011746
-0.052780 0.042242 -0.009305 0.011358
-0.058793 0.026167 0.034513 0.015170
-0.052332 0.046981 -0.021344 0.011720
-0.053113 0.058858 -0.041096 0.009799
-0.048423 0.063843 -0.054648 0.007975
-0.051258 0.046273 -0.044029 0.007802
-0.050934 0.047035 -0.031810 0.009947
-0.048582 0.054263 -0.053129 0.007636
-0.055510 0.055905 -0.031363 0.008757
-0.054939 0.066368 -0.049479 0.007938
-0.023069 0.050446 -0.001932 0.011577 
-0.010262 0.065613 -0.012830 0.009252
0.002282 0.067636 -0.022810 0.007122
-0.010573 0.051284 -0.007434 0.009225
-0.002528 0.054670 -0.012291 0.007660
-0.018260 0.059652 -0.006955 0.008607
-0.002220 0.073371 -0.018662 0.006590
0.002845 0.060070 -0.018901 0.006683
-0.044529 -0.016217 0.014902 0.029371
-0.035184 -0.019489 0.012856 0.033866
-0.041955 -0.018956 0.017826 0.028977
-0.041008 -0.019273 0.010857 0.030229
-0.044169 -0.003815 0.014498 0.026373
-0.034773 -0.013251 0.011713 0.031879
-0.051631 0.007672 0.022431 0.020208
-0.043255 -0.012362 0.014257 0.028552
0.000000 0.000000 0.000000 -0.000078
0.000000 0.000000 0.000000 -0.000078
0.000000 0.000000 0.000000 -0.000078
0.000000 0.000000 0.000000 -0.000078
0.000000 0.000000 0.000000 -0.000078
0.000000 0.000000 0.000000 -0.000078
0.000000 0.000000 0.000000 -0.000078
0.000000 0.000000 0.000000 -0.000078
0.000000 0.000000 0.000000 -0.000078
0.000000 0.000000 0.000000 -0.000078
0.000000 0.000000 0.000000 -0.000078
0.000000 0.000000 0.000000 -0.000078
0.000000 0.000000 0.000000 -0.000078
0.000000 0.000000 0.000000 -0.000078 
0.000000 0.000000 0.000000 -0.000078
0.000000 0.000000 0.000000 -0.000078