73
0.019307 -0.012590 0.008801 0.149835
-0.038123 -0.036173 -0.026023 0.058606
0.008912 0.083252 -0.011329 0.055173
0.022163 -0.059403 -0.006457 0.052981
0.006940 0.008191 -0.044128 0.056541
0.050093 -0.099254 0.048449 0.054509
0.037609 -0.109383 -0.052022 0.039176
-0.026309 -0.108530 -0.015866 0.039091
0.025312 0.045773 -0.086651 0.018831
-0.007613 -0.039991 -0.039521 0.031494
-0.012083 -0.016368 -0.041455 0.034596
-0.082021 -0.057627 -0.033365 0.017452
-0.056073 -0.027810 -0.008739 0.018821
-0.035059 -0.004297 -0.015236 0.020630
-0.007577 -0.066437 -0.004457 0.026490
-0.070922 -0.042778 -0.018758 0.009961
-0.077871 -0.039034 -0.038606 0.012116
0.016207 0.100757 -0.003409 0.024308
0.025055 0.056639 -0.007604 0.023960
-0.011460 0.113766 -0.016821 0.020786
0.008254 0.038274 -0.023533 0.024699
0.004397 0.082099 -0.012316 0.021866 
0.032666 0.077576 0.000672 0.021170 
-0.017359 0.080359 -0.022998 0.008380 
0.039905 0.102004 0.007364 0.008020 
0.021043 -0.057915 -0.002281 0.034293 
0.006340 -0.050190 -0.025487 0.031614
0.032784 -0.066111 -0.031147 0.025680
0.002000 -0.060899 -0.002793 0.029363 
0.039516 -0.041572 0.024888 0.013276 
0.011662 -0.021861 -0.008276 0.012124 
0.020603 -0.019631 0.004814 0.008356 
0.032351 -0.036259 0.015818 0.014765
-0.009316 0.004495 -0.039490 0.034725 
0.029025 0.004465 -0.062324 0.018322 
0.038356 0.023421 -0.073360 0.017326 
-0.011231 -0.022960 -0.042674 0.032821
0.000551 0.022080 -0.029943 0.027699 
0.009014 -0.010053 -0.012708 0.013381 
0.023921 0.028882 -0.008345 0.008693 
-0.027462 0.011208 -0.016422 0.009145 
0.051237 -0.091791 0.028913 0.019406
0.069958 -0.115373 0.032135 0.020983 
0.032907 -0.069827 0.013845 0.021606
0.045787 -0.107340 0.089365 0.017473
0.071681 -0.121632 0.084516 0.017618
0.085222 -0.121898 0.056759 0.017663 
0.044519 -0.061107 0.029533 0.017957 
0.042635 -0.080366 0.090306 0.013031 
0.036081 -0.077762 -0.041762 0.020503 
0.041745 -0.120298 -0.051286 0.013360 
0.029908 -0.122383 -0.072660 0.013820
0.039420 -0.097923 -0.049703 0.015567
0.051921 -0.123682 -0.068188 0.013259
0.048937 -0.123852 -0.033304 0.010103
0.021865 -0.123418 -0.060052 0.010501
0.041560 -0.123560 -0.076849 0.008332 
-0.028284 -0.082208 -0.011690 0.015078
-0.045768 -0.122796 -0.016179 0.013834 
-0.025672 -0.122853 -0.027529 0.011435 
-0.026218 -0.120802 -0.009916 0.011134
-0.028164 -0.102455 -0.009900 0.011776
-0.044386 -0.124841 -0.031203 0.012357
-0.011912 -0.124707 0.000727 0.011124 
-0.009042 -0.069984 -0.003890 0.016821
0.031535 0.039116 -0.078893 0.011293
0.027739 0.049699 -0.089788 0.007735
0.022628 0.053779 -0.083981 0.007296
0.019580 0.051689 -0.096166 0.006098
0.020300 0.042083 -0.076727 0.007853 
0.031580 0.041404 -0.091142 0.007449 
0.012926 0.055877 -0.087334 0.005462 
0.027406 0.035975 -0.096080 0.005217